Штрассен 

64              0.00403689
128             0.0135227
256             0.0410855
512             0.135857
1024            0.577865
2048            2.45038
4096            16.7038
8192            150.928



Разбиение по строкам(плохая масштабируемость)

64              0.00070432
128             0.000796741
256             0.00416343
512             0.0388155
1024            0.351267
2048            8.11186
4096            80.003
8192            1087.79

Разбиение по строкам(хорошая масштабируемость)

64              0.000502678
128             0.000568626
256             0.00473454
512             0.0382849
1024            0.360628
2048            8.36168
4096            80.8557
8192            903.978