1 658
2 327
3 305
4 219
5 219
6 206
7 199
8 214
9 219
10 237
11 209
13 216
15 214
17 219
19 220
21 224
24 227
27 218
30 225
33 224
37 224
41 263
46 233
51 257
57 240
63 248
70 291
77 372
85 330
94 335
104 386
115 513
127 476
140 459
154 431
170 512
187 515
206 521
227 518
250 581
275 591
303 535
334 615
368 639
405 664
446 714
491 809
541 912
596 1054
656 975
722 964
795 1028
875 1208
963 1147
1060 1251
1166 1309
1283 1461
1412 1795
1554 1873
1710 1855
1881 1807
2070 2068
2277 2457
2505 2419
2756 2486
3032 3026
3336 2988
3670 3115
4037 3356
4441 3727
4886 4047
5375 4423
5913 4759
6505 5213
7156 5824
7872 6380
8660 6972
