1 697
2 420
3 346
4 261
5 250
6 212
7 200
8 195
9 221
10 214
11 216
13 199
15 208
17 228
19 211
21 218
24 215
27 218
30 225
33 219
37 258
41 232
46 235
51 228
57 305
63 251
70 355
77 295
85 285
94 286
104 288
115 288
127 303
140 318
154 341
170 365
187 349
206 409
227 421
250 1221
275 525
303 560
334 561
368 553
405 614
446 698
491 725
541 758
596 834
656 835
722 916
795 963
875 1073
963 1106
1060 1192
1166 1231
1283 1377
1412 1539
1554 1503
1710 1691
1881 1855
2070 1959
2277 2049
2505 2183
2756 2472
3032 2652
3336 2860
3670 3069
4037 3352
4441 3655
4886 3916
5375 4405
5913 4796
6505 5148
7156 5596
7872 6142
8660 6801
10000 7743
25000 18842
