1 686
2 352
3 343
4 292
5 231
6 219
7 199
8 205
9 263
10 217
11 215
13 218
15 215
17 216
19 222
21 214
24 231
27 227
30 242
33 221
37 224
41 232
46 241
51 247
57 253
63 372
70 473
77 354
85 366
94 385
104 408
115 410
127 423
140 412
154 424
170 435
187 457
206 462
227 494
250 506
275 892
303 546
334 560
368 657
405 641
446 710
491 812
541 878
596 1122
656 962
722 1730
795 1058
875 1081
963 1118
1060 1201
1166 1278
1283 1379
1412 1485
1554 1631
1710 1793
1881 1838
2070 1968
2277 2147
2505 2357
2756 2519
3032 2754
3336 2948
3670 3178
4037 3658
4441 3784
4886 3952
5375 4365
5913 4989
6505 5465
7156 5962
7872 6698
8660 7145
