206 215 286 256 326 143 366 256 315 349 245 260 201 130 207 215 
294 372 425 324 501 226 378 306 472 322 350 326 350 407 381 307 
288 280 445 365 483 238 436 349 515 360 354 343 347 346 340 340 
271 280 366 311 450 217 366 303 420 268 275 260 289 332 363 340 
249 332 428 374 503 214 418 343 470 363 356 331 328 371 346 314 
324 303 365 352 488 212 417 309 416 362 275 314 319 400 318 344 
327 314 488 359 504 238 453 339 503 488 398 357 378 363 305 346 
187 236 315 334 413 164 374 228 462 302 295 291 219 334 291 302 
155 153 208 226 343 147 384 246 389 297 273 289 208 288 262 235 
233 220 306 364 431 199 316 232 354 306 220 291 201 273 223 263 
298 310 424 400 512 214 393 292 475 350 345 376 328 395 324 335 
281 277 315 326 450 189 291 216 357 323 249 265 273 367 234 266 
270 319 439 341 504 203 414 345 477 317 340 355 353 371 341 323 
222 296 476 450 513 208 470 339 572 387 354 407 382 414 373 336 
285 213 371 252 392 224 408 344 394 311 374 287 312 311 242 278 
245 310 394 363 523 203 361 291 450 331 297 353 292 386 299 300 
