10 10
7638 17323 29299 19921 13769 14024 14183 21995 21949 20587
8028 13452 23273 14512 11475 13517 9947 15137 13054 18007
10250 15089 24562 18625 13353 16403 9961 19310 19281 19359
8578 6882 16066 12394 11000 10320 5488 11412 11406 14218
7238 13503 20643 13569 9752 9052 8307 15561 14095 14186
8201 7151 17576 12715 11495 10089 6605 11797 11583 15112
8169 7498 14263 12580 9799 9301 4606 12388 13374 11996
4981 11995 22529 14105 10490 10536 11461 15144 14591 16255
5587 9766 18321 12430 9494 6493 8111 13684 13558 12717
5092 10012 20027 12616 9986 6899 9483 13753 13248 13998
