-22 32 -24 -136 126 -131 320 -199 35 -422 281 -83 -111 56 -163 -166 -571 2 92 263 167 111 82 -582 95 41 153 184 -34 285 126 -317 
211 55 -161 -1 145 -274 -169 47 -202 -226 67 -9 -43 -326 -119 32 -306 93 -157 14 113 27 284 -272 -130 -85 -232 244 23 -94 39 -184 
80 -10 -143 195 -50 -108 601 -463 -27 -489 380 127 -8 192 198 82 -40 -309 203 286 27 -338 246 -37 110 345 -209 51 49 -65 236 -235 
249 -157 -170 234 71 9 -104 104 6 -143 226 77 101 -208 -258 -260 -110 -321 41 206 85 -237 -13 -387 162 147 -195 239 47 -128 201 -54 
-11 250 393 130 75 28 -19 -104 -256 -81 218 -5 -45 -258 -85 -619 80 -366 -459 -515 -7 -45 118 260 425 -80 -142 -173 7 191 -161 199 
279 15 -161 -259 232 -25 -51 398 206 81 301 -255 -199 169 148 290 195 -160 33 394 32 126 66 -67 -63 181 -431 -64 140 -49 421 -149 
-266 92 147 -308 -206 -121 -116 70 -331 21 46 44 95 -145 -326 -70 -27 -296 -111 163 -208 127 213 -77 -89 80 53 131 -31 -28 -209 34 
244 -139 -281 87 43 -30 -456 196 259 58 -90 -21 54 -452 -33 120 0 240 189 56 80 -224 52 -212 -462 98 -258 302 85 -500 -53 -39 
32 47 -100 -121 142 -335 81 353 -185 -463 256 -74 -96 108 -174 -151 -195 -58 -199 -327 161 150 37 -29 60 264 -492 -156 161 34 223 -232 
268 -174 -123 -139 196 36 -201 527 384 194 -156 -312 97 104 157 347 45 399 46 -163 -97 50 121 49 -310 -82 176 303 -90 -123 252 -28 
136 -16 -154 -442 335 66 -101 -63 -237 187 -11 184 -44 -143 -238 -47 -97 38 -329 -323 127 277 -69 -53 -218 -125 67 -31 -4 37 135 171 
34 -94 0 -160 540 16 74 35 23 51 266 -137 84 179 37 -37 82 89 -384 -94 -279 181 15 215 120 -306 600 -134 -88 54 -30 296 
-271 -339 -175 -107 -97 173 -230 147 -241 58 169 -135 -49 107 86 -176 111 -262 -358 333 130 -266 184 306 376 100 106 133 39 -395 12 133 
-44 -121 -372 -143 366 -88 -202 -46 -179 278 -63 20 81 -193 -394 10 56 313 57 -177 398 295 -13 -211 179 176 -93 -161 -127 150 193 -77 
-509 -104 -76 87 -208 2 -322 -74 -107 -96 -63 -270 -55 241 -130 -170 -109 -163 -41 -131 382 -104 192 512 120 392 -128 -457 312 -145 -222 145 
184 -111 -39 179 -93 39 -28 200 20 -198 34 2 104 350 -39 371 285 -27 287 152 80 -82 184 24 -311 235 -348 75 330 -88 119 -258 
287 -178 -164 -1 340 -214 213 45 -43 82 87 167 -87 222 -49 261 101 -434 -317 535 -248 4 -120 -8 391 -336 241 85 -311 320 367 -47 
-188 -576 -325 -235 -125 -143 -338 272 -9 357 83 174 -147 260 -456 -222 -266 43 -224 -4 -213 -8 -161 41 133 -171 497 -220 14 42 207 106 
-391 51 295 -121 -172 103 -216 -72 138 133 -196 -327 104 -22 -28 -235 69 110 -37 -90 192 -104 -201 85 -133 6 -3 -430 50 -100 -397 205 
-4 -392 189 -27 -711 -60 107 -3 -88 -44 -5 145 205 -29 196 214 97 1 -27 300 77 30 -140 13 -257 -179 84 -142 13 -335 -289 -173 
-33 -100 37 -38 -98 -203 -89 -178 -92 -9 -89 -54 35 -302 -226 -162 7 -54 -171 -154 -53 -57 190 -189 42 159 -156 175 16 76 52 -30 
162 162 147 198 -94 -29 -151 394 69 -245 127 -257 48 154 -8 119 273 -329 -205 -34 207 202 339 313 -31 259 -535 -248 325 -176 78 -149 
226 -244 -47 190 -80 -306 385 220 -188 -315 121 231 54 169 223 395 276 166 -218 -158 -289 115 325 101 -311 -314 -72 44 -87 5 187 -329 
177 47 -242 46 371 187 176 -228 -185 -264 91 1 46 -159 67 85 46 177 -58 -108 259 13 84 -31 257 264 -36 -73 -145 -28 194 35 
-203 -59 21 -434 -112 55 -102 -167 -106 172 -84 -135 -72 -103 65 5 -202 236 23 -73 47 254 -86 35 -63 19 231 176 170 -34 -67 19 
423 127 -287 23 117 -65 33 245 194 -30 -20 -157 255 196 211 827 552 -100 163 228 163 89 489 377 -529 301 -330 147 107 -250 248 -372 
174 -200 -86 -321 -391 -87 -92 425 -94 105 94 -49 -93 -191 -65 -133 155 154 -329 -108 42 -212 43 -68 157 -212 21 125 -71 92 210 53 
-6 -88 -186 -220 160 -41 -115 -313 -47 -121 114 -545 107 -4 -282 -187 -72 -57 -117 293 692 -316 131 -34 450 109 281 -83 122 219 -173 -35 
-36 45 45 56 239 -229 -3 -31 -16 -62 134 19 -11 -117 -22 13 -174 -248 -168 -138 101 410 31 -113 118 102 -185 33 -27 47 208 -98 
-25 487 -221 -294 62 223 -414 282 -2 256 -360 -21 -82 -452 47 -71 117 267 -2 -424 85 183 37 -64 -45 239 -252 -53 -51 100 124 401 
-4 184 173 63 -356 287 -526 49 233 669 -345 402 139 -148 208 447 371 -6 302 317 -97 89 109 -16 -517 -206 85 217 -89 -288 -282 -47 
-173 179 -33 -617 104 0 171 -92 -423 13 284 148 -124 129 -418 -175 -265 -145 -13 23 60 81 -174 -170 54 313 -94 -12 -7 94 118 49 

