32 1 19 10 30 19 19 5 7 26 7 16 46 2 12 2 20 3 5 3 
30 0 35 17 46 0 32 25 46 49 25 30 0 46 40 30 15 11 38 22 
37 47 39 35 49 3 38 19 9 43 25 39 46 12 8 42 12 42 19 10 
41 46 40 44 42 32 26 7 43 14 30 30 12 21 18 13 24 6 33 35 
1 10 24 47 22 34 42 36 28 13 48 22 10 38 16 2 20 42 12 15 
9 44 45 23 15 13 38 41 21 23 27 25 33 3 22 7 38 16 43 18 
30 41 40 42 31 6 46 3 1 8 18 12 4 16 37 19 31 25 11 3 
49 40 30 34 43 2 42 33 21 35 2 3 29 44 45 12 3 43 16 6 
2 36 20 6 2 7 28 34 34 41 39 33 31 19 18 26 23 10 12 46 
47 14 49 28 10 46 41 13 40 9 19 44 45 39 2 48 48 30 34 33 
23 25 18 6 46 36 33 21 48 45 18 48 11 17 26 23 14 19 37 6 
28 8 0 24 48 2 24 48 35 10 31 10 37 0 17 33 38 2 4 39 
47 22 39 10 42 17 35 8 37 22 14 15 31 16 41 31 20 17 31 7 
29 13 18 16 15 35 49 3 37 6 44 36 30 33 48 22 1 33 32 38 
8 46 5 39 14 49 22 35 18 3 42 48 18 10 16 33 47 18 39 36 
24 33 22 4 17 22 29 20 6 11 10 14 10 15 5 24 16 29 9 35 
34 4 35 3 16 1 38 14 21 27 0 45 11 25 2 30 47 31 2 5 
42 12 21 2 29 28 27 46 7 38 33 42 44 20 47 11 23 35 27 45 
15 29 40 28 6 42 8 6 25 10 11 18 24 33 22 3 11 1 49 21 
42 34 15 36 4 14 49 30 49 28 25 14 8 17 42 16 12 2 22 37 
