6951 8546 4874 7806 5701 5469 8632 7657 7669 8240 6310 6253 6505 7183 7021 8236 6878 6271 6184 8133 
14687 13210 13196 13520 9528 12157 14576 14328 14031 16203 10874 12937 12407 13711 15717 15071 15093 14157 11945 14606 
16158 17181 12227 12255 10977 13140 16028 15345 14468 16653 12532 11300 12671 15238 14616 16213 15045 12510 12451 15707 
15385 15117 11243 14070 10809 13088 14439 14151 16592 16769 11878 13019 12482 14428 15272 17389 14798 12903 11917 16134 
12850 11322 11216 11279 8539 10129 13201 12320 13056 12705 9905 11681 9697 15047 14228 13744 9688 12000 10253 13500 
14212 13521 10039 10912 9871 9904 12386 12801 15351 15596 10223 11411 12254 13062 14010 15320 12211 11581 9880 14113 
12117 12151 9487 8520 8091 9114 12059 11622 10044 12880 9014 9316 8632 12473 11319 12624 10417 8817 8749 11179 
14858 14084 11196 11230 8419 12253 15901 14704 13747 16871 9877 11980 10247 14417 13847 15559 13627 10388 10528 14570 
12120 11294 10451 11434 7616 10653 12124 12518 14255 13166 9598 9987 11573 11432 12911 11317 11974 11078 10105 11633 
16718 17926 14663 18023 11496 14795 16214 17042 18262 18115 15151 14635 14717 17136 17247 19269 15451 14998 12912 16378 
14647 14005 11529 12580 9562 13124 12813 12581 14421 15582 10753 12149 12457 13838 13231 16638 15192 13315 12623 15065 
11028 11005 9357 11463 7835 8550 10475 10772 12440 12916 9715 11291 10130 11456 14849 11336 9978 11501 9905 11591 
13452 13681 10423 13179 8798 11113 13420 13307 13795 15903 10647 11760 11604 13296 13549 15166 14096 11396 10419 13645 
12627 12378 12124 14530 9623 12081 15788 14238 15292 15498 11478 11842 10715 15406 14946 14269 13365 11401 9929 13655 
13735 14129 12232 12992 11355 12195 12381 12272 16222 15327 12144 13228 12584 15187 15215 16431 12493 13062 12222 14504 
10300 9688 6879 8215 5031 9246 8540 8247 10279 10487 8087 8118 7208 9539 9273 10165 8834 7713 7709 8976 
11275 12369 10233 9661 6916 9860 9667 10915 8849 10599 8494 8830 9470 10599 9642 12464 10054 10636 8794 9777 
13632 14160 11284 14517 10471 12227 15759 13786 16188 16789 11260 13760 12230 15290 14939 15775 13366 13287 11605 15124 
10481 10131 7820 10834 7770 8838 10582 10326 13261 12488 8663 9526 8870 10033 10401 12887 10353 8350 7537 11377 
13294 11285 11385 11534 8250 11279 14425 14141 14816 16323 9578 10558 11689 12777 14049 12879 13145 10024 10009 13301 
