14 34 7 40 19 30 44 32 31 45 5 23 30 20 10 36 34 11 16 36 
40 41 2 0 11 47 16 23 49 39 10 16 25 18 6 44 48 2 28 31 
48 34 5 30 6 17 16 41 30 35 27 20 28 29 20 39 28 37 12 30 
28 25 46 3 43 4 49 43 7 29 26 7 13 33 37 20 0 5 13 33 
40 42 3 21 23 26 12 2 15 25 32 43 2 30 46 47 34 47 42 43 
26 18 0 42 2 37 14 4 45 27 37 35 19 43 8 42 19 21 44 34 
48 28 27 0 8 25 49 43 24 41 38 0 11 39 44 13 28 8 20 23 
35 9 11 6 2 19 1 21 42 45 7 40 26 34 42 34 11 43 29 35 
34 18 38 48 7 34 11 37 43 33 11 30 43 22 37 45 43 38 19 36 
35 26 28 11 13 23 48 26 18 27 14 5 45 4 3 4 38 16 42 31 
0 5 12 43 27 1 40 22 41 9 10 28 38 41 42 1 16 40 27 34 
19 43 39 17 47 42 21 36 9 15 17 9 20 31 4 49 34 44 24 27 
4 34 6 42 25 0 45 41 40 24 28 11 18 17 28 15 12 2 1 21 
17 21 32 40 4 38 41 39 32 15 18 38 2 26 32 29 26 27 23 18 
4 1 30 22 18 8 37 32 10 41 5 30 12 37 20 18 25 11 9 10 
29 28 48 31 4 33 10 31 12 33 49 16 34 31 38 5 42 28 39 2 
21 45 34 35 32 6 3 10 20 13 22 49 41 22 32 47 5 42 28 18 
28 30 34 14 13 25 21 5 3 11 10 24 6 44 11 40 1 14 2 21 
27 24 22 20 47 4 20 4 48 48 22 26 30 9 41 46 34 14 1 39 
25 11 15 31 8 26 24 11 40 26 34 20 3 6 42 0 12 12 6 10 
