GOT MATRIX:
    -1.320    -0.684    -1.518     1.346    -0.119     0.013    -1.348    -0.795    -0.098    -1.367     0.141     0.421     1.996     1.323    -0.453    -0.835     1.184    -0.378     1.587     1.027     0.843    -0.384    -1.153     0.674    -0.816     0.070    -0.054     1.650    -0.972     0.561     1.908    -0.292     1.877    -1.611    -0.946    -0.242     0.403    -0.294     0.963    -1.695     0.339    -0.896     0.726     0.336    -1.573    -1.728     1.500     1.610    -0.105     1.088
     0.637    -1.262    -1.296     1.485     1.412    -0.112    -0.446    -0.642    -0.462     0.583     1.919    -0.555    -1.709     1.797    -0.166    -0.655    -0.445    -1.763     1.051    -1.482    -1.458    -0.610    -0.379     1.267     1.725     0.048     1.540     1.225    -0.342    -0.566     0.313    -1.704     0.172     1.017     1.781    -0.416    -1.095    -0.665     0.942     0.442     1.918     0.862     1.888    -1.792     0.658    -0.278    -0.447    -1.787    -0.041    -1.396
    -1.269     0.501    -0.007     0.352    -0.232    -0.281    -1.599    -0.692    -1.056     0.059     0.743     1.257     0.355    -1.085     0.274     0.135     0.499     1.179     1.470    -0.559    -0.378     1.388    -1.697    -0.491     1.596     0.961     1.231    -0.851     1.174    -0.810    -0.248     1.905     1.691     1.746     0.257    -0.540    -0.535     0.658     0.768     0.409    -1.283    -0.489    -0.334     1.071     0.426     1.940    -0.793    -1.075     1.119    -1.323
     0.366    -1.259    -1.935     0.668     0.250     1.661    -0.371    -0.518    -1.190    -1.197     0.672     0.563    -1.292     0.364     0.308     0.965     1.824     1.773    -0.377     0.592     0.182     0.339    -1.897     1.848    -0.589     0.529     1.789     0.617     1.453     0.908     1.294    -0.181     1.649     1.359    -1.513    -0.100     1.021     0.116     1.381     1.831     0.919     0.053     0.393     1.627    -1.583    -1.298     0.592    -1.759    -1.525    -1.786
     0.833     0.657     0.553     0.936     0.505     1.964    -0.536     0.294     0.581    -1.082    -0.798    -0.125     0.737    -1.149    -0.765     1.224     0.751    -1.745    -0.660     0.132    -1.914    -1.740    -1.814     0.479     1.886    -1.397     1.181     0.478    -1.157     1.656     0.692     1.676     0.313    -0.755     0.611    -1.181    -0.791    -1.924     1.113     1.790    -1.006    -1.685    -0.335     1.731    -0.834     0.900     0.955     1.917     1.155    -1.705
     0.049     1.241    -1.445     0.235    -0.279    -1.559     0.838    -1.098     0.919     1.681    -1.442    -0.389     1.357     0.872     0.856    -0.032     1.690    -1.934     0.044     0.803     1.856     1.038     1.118    -0.479     0.768    -1.716    -1.579    -0.277    -1.799     1.577     0.018     0.250     0.818     0.573    -1.515    -1.461     1.014     1.323    -0.559    -0.067     1.004    -0.001     1.544     0.361    -1.129     0.400    -1.671    -1.439     0.466     0.373
     1.364     0.322    -0.589     0.482     1.843    -1.820     0.766    -1.736    -0.097     0.967     1.841     1.921    -0.783     0.659     0.494    -0.297     1.198    -0.492    -0.974    -1.361     1.441    -1.971     0.639     0.985     0.390     1.509    -0.614     0.719    -1.929     1.852    -0.908     1.435     0.173     0.503    -0.083     0.016     0.683    -1.317     0.280    -1.414     1.650     0.121    -1.493    -1.133    -1.220     1.001     0.570     1.978    -1.491     1.596
    -1.383     1.951     1.625     1.256     0.936     0.015     0.765    -1.678    -1.266     0.836    -1.827    -0.173     0.271     0.346    -1.670    -1.812    -1.638     1.013    -1.129     0.642     1.599    -1.479    -1.237    -1.894    -0.612    -0.457     1.107     1.958    -0.479     1.616     1.554     0.138     1.567     1.179    -0.606     0.503    -0.805    -1.840     0.825    -0.071     0.996     0.998     1.756    -0.733    -0.655    -1.914    -0.546    -0.293     1.100     0.325
    -1.651     0.699     0.846    -0.888     0.805    -1.766     0.655    -0.088    -1.807    -1.824    -0.472     1.747     0.315    -0.905     0.926     1.709     1.598    -1.879     1.869     0.423     0.050     0.864    -0.578    -0.194    -1.869     0.767    -0.107    -0.415    -1.526    -1.008     1.911    -1.177     1.691     0.757    -0.064     0.496     0.991    -1.409    -1.592     1.184    -1.233    -0.064     0.931     1.082     1.031    -0.143     0.791     0.629    -0.022     0.660
    -0.948    -1.972    -0.476     0.474    -0.165    -0.345    -0.759     1.727     1.240    -0.285    -1.280     1.151     0.538    -1.589    -0.093    -1.526     0.907    -1.102    -0.935     1.315    -1.918    -0.168    -0.749     1.013    -1.086    -1.718    -1.130     1.705     0.910     0.848     0.365     1.963     0.877     1.889     0.437    -1.288    -0.456     1.677    -1.561    -1.216    -0.608    -0.841     1.935     1.930    -0.430    -0.158    -1.596    -1.523     0.740    -0.531
     1.792     0.823     1.301    -0.957    -0.165    -1.785    -0.675     0.706     1.921    -1.765    -0.446     0.286    -1.802    -1.569     0.174     0.634    -0.858     1.718     0.312    -0.419    -1.498     1.704     0.740    -1.563     1.634    -1.690     0.279    -1.963    -1.213    -0.981    -0.494    -1.421     1.842    -1.193    -0.378    -0.323    -0.978     0.947    -1.617    -1.057     1.182    -0.063     1.228     1.380     0.368    -0.597     0.014     1.510    -0.879    -1.674
    -0.909    -0.377    -1.971     1.831     0.060     1.663    -1.860    -1.661     1.700    -1.073    -0.642    -0.794    -0.494    -0.800     0.013     1.128     0.877     1.035     0.075     1.259     1.977    -0.743    -0.804     1.206    -1.364     1.564    -1.392     0.650     1.074    -0.271     0.976    -1.835     1.352     1.005     1.995    -0.588     0.668    -1.864    -0.250     0.368    -0.937     1.108     1.574     0.569    -1.692    -0.413    -0.303     1.185    -1.379     1.772
     0.444    -1.401    -0.971     1.640     1.804    -0.335     1.204    -1.588    -1.684     0.278     0.141     1.292     0.442    -0.507     0.297     0.438     0.905    -1.035     0.574    -1.345     1.333     1.636     1.764     0.907     0.205    -1.928    -1.507     1.903     1.256    -0.886     1.675    -0.300    -0.287    -1.297    -0.659    -0.483     0.369    -1.455    -0.070     0.685     0.822    -1.929    -0.023    -0.735    -0.436    -1.726     1.703    -1.531    -0.761     0.276
    -0.875    -1.428    -0.087    -1.111     1.478    -1.882    -1.040     1.971    -1.980    -1.783    -0.914     1.695    -0.083     0.799    -1.602     1.257    -1.684     0.767     1.802     0.246    -0.548     0.624     0.317     1.428     1.889     1.882     1.702     1.592    -1.649    -1.059    -0.132    -0.524    -0.487     1.780     0.365    -1.009     1.898     1.325    -1.038     1.919     1.542     0.048     1.614    -0.542    -1.154    -1.988    -1.284    -0.837     0.779    -1.482
     1.409    -1.769     1.142    -0.274     1.660     1.031    -0.392     1.362     0.623    -0.041    -1.697    -1.509     1.435    -0.185    -1.729    -0.200     0.806    -1.831    -0.875     1.768    -1.912    -1.333    -0.184     1.701     0.125     0.662     1.714     0.841     1.825     0.493     1.359     1.234     0.724     0.501    -1.040     0.384    -0.468     0.568    -0.254    -1.845    -1.473     0.049    -1.354     1.962     1.865    -1.083    -0.238     0.671    -0.914     0.887
     0.439    -0.826     1.553    -1.746    -1.125    -0.321     0.916    -1.411    -1.481     0.741     1.082     1.878    -0.025    -0.194     0.379     0.935    -1.809     1.911    -0.497    -0.063    -1.934     0.029     1.986    -1.288    -0.009     1.850    -0.371     1.753     0.521     0.715     0.639    -1.040     1.888     0.193    -0.786    -1.236     1.871    -1.870    -0.648    -1.609     0.872    -1.566    -1.731    -1.153     0.241     0.648     1.782     0.431     0.559    -0.716
    -1.632     0.626     1.314    -1.646     1.338    -0.695    -1.796    -1.033    -0.942     0.725     1.682     1.697     1.685     1.570    -0.110    -1.101    -1.666    -0.238    -0.971    -0.314     0.152     1.901     0.120     0.422    -1.252    -1.639    -0.930    -1.471     0.792     1.629    -0.186     1.160     0.255    -0.872     1.514    -0.407     0.433     1.718     0.560     1.491     0.443     0.242     1.188     0.128    -0.188    -0.921     1.026     0.146     0.840    -1.944
     1.832    -1.007     1.956    -0.048     1.414    -1.296     0.313    -1.516    -0.767    -0.895    -1.887     1.047    -1.735     0.368    -1.825     1.779     1.961     0.608     1.497     0.521     0.099    -0.060    -1.237    -0.713    -1.932     0.575     0.366     1.094    -1.279    -0.793     1.150    -1.448     0.199     1.106     0.504    -0.386     1.810    -1.183     0.098    -0.956    -0.078     0.211    -1.909     0.187    -1.421    -1.734    -0.035    -1.460     0.874    -0.538
     1.062    -1.027     1.402     1.825     0.261     1.470     0.400    -1.373     0.564     1.121    -0.167    -0.287     1.673    -1.967    -1.180     0.177    -0.353    -1.370     0.994     1.745    -0.327    -1.084    -0.044    -0.236     1.103     0.535     0.030    -0.932     1.076    -1.096     0.530     0.137    -0.122    -0.068    -0.038    -1.862    -0.598    -1.638    -1.235     1.966     1.483     0.598    -0.321     1.156     0.631     0.498    -0.667    -1.722     1.128    -1.673
    -1.977    -1.199    -0.757    -0.021     0.566    -1.654    -1.486    -1.404    -0.586     1.589    -0.500     1.944    -0.273     1.378    -0.124     1.689     1.516     1.278    -1.949    -1.719     1.243     1.534     0.880    -1.078     0.690    -0.489     1.421    -1.976    -0.211     0.549    -1.649    -0.188     1.350    -0.405     1.791    -0.084    -0.060    -1.695     0.512     1.354     1.894    -1.987     1.298    -0.379     1.391    -0.826    -0.690     0.907    -1.548    -0.639
     1.188     1.696    -1.105     0.068    -1.382     1.586     1.579    -1.961     1.609    -0.632     0.588     1.961     1.180    -0.061    -0.445     0.971     1.855     1.496     1.276     0.367     0.850     1.170     0.380     0.148    -1.209    -0.230     1.323     0.101    -1.323     1.775     1.462     1.865     1.471    -1.643    -0.067    -1.911     1.942    -0.488    -1.872     1.552     0.880     0.717     1.512     0.060    -1.345    -0.933    -0.968    -1.490    -1.437    -1.692
     0.877     1.413     1.479    -0.743    -0.439    -1.730     1.027    -1.117     0.371     1.704    -1.342    -0.168     1.569    -1.871     0.189    -0.498    -1.781     0.132     1.014    -1.653    -0.317    -0.106     1.064    -0.804     1.955     1.719     0.263    -1.014    -1.771     0.826    -0.705     1.106     0.239    -1.227    -1.638     1.799    -0.957     1.389    -1.317     1.414     1.093    -0.659    -0.754     0.663    -0.529     1.436    -1.835    -0.310    -0.432     1.179
     0.037     1.251    -0.927    -0.899    -1.553    -0.972    -1.180     0.709     0.014    -0.951    -0.465     1.309    -1.845     1.774    -1.918    -1.483     1.573    -0.874     1.906    -1.744    -1.460     0.999    -0.402    -0.214    -0.338     1.068    -0.778    -0.173    -1.242     0.790    -0.993     0.795     0.040     0.080     1.896     0.487     1.108    -1.285    -0.803    -0.878    -0.236     0.732    -1.568    -0.081     0.506    -1.486     0.435     0.079    -0.360     0.342
     0.335     0.179    -0.659     1.933     1.966     1.003     1.001    -0.812    -1.170     1.759     1.977    -0.163     0.554     0.018     1.917     0.449    -1.495     1.025     1.165    -0.299    -1.853    -1.071    -1.567    -1.421     0.847     0.939    -0.907    -0.717    -0.982     0.733     1.624     1.353    -1.088    -1.035     1.286    -1.122     1.969     0.287     0.065    -1.201     0.046     0.042     0.636    -1.401    -1.940     0.553     1.049    -1.435    -0.422     0.213
     0.266    -0.275     1.142     0.699     0.304    -0.011    -0.362     1.397     1.272     0.656     0.129     0.896     0.009     1.041     1.862    -0.706     1.919     1.830     1.581    -0.016    -1.371    -0.373    -1.973     1.265     0.226    -1.913    -0.182    -0.725    -1.349     1.396     1.488     0.917    -0.879     0.630    -0.384     1.425    -1.380     1.254     0.822     1.892    -0.091    -1.049     0.788     1.918     1.993     0.650    -0.788     1.912     0.480    -1.207
    -0.104     1.109     0.420    -0.078     0.374    -1.354     0.009    -1.808    -0.079     0.660     1.588    -0.591    -0.423    -1.291    -1.960     1.193    -1.866    -1.341     0.447     0.955    -1.449    -1.643     1.907     1.339    -1.725     1.899    -0.011    -0.513     1.811    -1.531     0.280    -0.293     1.578    -1.300     1.629    -0.048    -0.654    -0.362     0.144     1.266    -1.702    -0.268    -1.324    -0.125     0.441    -1.285    -0.931     0.575    -0.625     1.516
    -0.469    -0.074     1.872    -0.563    -0.735    -1.853    -0.664     1.254    -0.366    -0.853     1.723     1.913     0.854     1.301    -1.387     0.483    -0.747    -0.041    -1.879     1.397    -0.775    -1.581    -0.871    -0.099     0.294     1.571     0.616     1.363     0.146     1.991     0.878     1.676    -0.083     0.751    -0.886     1.182     0.898     0.450     0.436    -1.469     1.597     0.159    -1.556     0.451    -0.540    -0.943    -1.066     0.713     1.016    -0.945
     0.110    -1.759    -0.526     1.239     0.142     1.768     0.810    -1.242     1.131    -1.045    -1.251     0.009    -1.368     0.666    -1.240    -0.255    -0.151     1.657    -1.804    -1.715    -1.811     1.793     0.444    -1.367     0.244     1.904    -0.310     1.178     0.617    -1.293    -1.767    -1.274    -1.052    -0.293     1.965     1.090    -0.526     0.775     1.848    -1.395     1.730    -1.403     0.614    -1.638     1.263     1.374     0.107    -0.888     1.031     0.303
    -0.603     1.220     0.096     1.842     1.853    -1.660     1.746    -0.457     1.518     0.362     0.250     1.751     1.089     1.197    -0.542     1.054     0.287     0.932    -0.172     0.135     1.537    -0.441     0.732     0.151    -0.079    -0.005    -0.475    -1.972     1.108    -1.444     0.331    -1.495     1.776    -1.573    -1.654     1.628    -1.233    -1.908    -0.828    -1.715     0.454     1.421    -1.965    -0.457     0.619    -0.507    -1.403    -1.094    -1.575     0.425
     1.041     1.962     1.984    -0.227     0.113    -0.096     1.768     1.637    -0.068     0.876    -1.807    -1.737     1.381     1.969    -1.310     1.727     1.597    -0.544     1.819    -1.231    -0.259     0.273    -1.810    -0.224     1.817     0.809     1.269    -1.587     1.715     1.694     0.839     0.756     1.656     0.822    -1.472    -0.231    -1.273    -1.704    -0.594     0.659     1.172    -0.401     0.922     0.553    -0.432     1.612     0.279    -0.835    -0.932     0.098
    -0.066     0.809    -1.628     0.124    -1.414    -1.812    -1.067     1.855    -1.398    -1.352     1.549     1.440     1.403     1.205     0.263     1.932    -1.026     0.989    -1.772     0.379    -0.352     1.400     1.978    -1.430    -0.047    -0.454    -1.818    -1.768     0.711    -0.749     0.330    -1.355    -1.940     0.702     0.768    -1.354     0.891     1.701    -1.500     1.493    -1.651    -1.950     0.933     1.752     1.255    -0.804     1.684    -1.772    -1.815     1.912
     0.608    -0.167     1.312     0.586     0.403    -0.735    -1.868     0.585    -0.503     0.843     1.836     1.827     1.488     1.896     0.530     0.256    -1.459    -0.580    -0.043    -0.958    -1.087     0.306    -0.909     1.846     0.059    -1.654    -0.959    -0.257    -1.426    -0.774    -0.345     1.182     1.059    -1.033    -0.232    -0.537     0.232    -0.100    -1.952     1.729    -1.256     1.884     1.556    -1.768     1.780     0.086     0.488    -1.679     1.506    -1.555
    -0.637    -1.581     0.752     0.454    -1.735    -1.190     0.800    -0.693     0.553     1.375     0.533    -1.792     0.556    -0.408    -0.824    -1.676     1.055     1.408     0.225     1.103     1.137     0.968     0.987     0.693     1.200     0.767    -1.221    -0.312     1.088    -1.715     0.133    -1.549    -1.295    -1.116     0.906    -1.030    -0.305    -0.294     0.277    -1.752    -0.919    -1.190    -1.544     1.637     0.402    -0.368     1.962    -0.543    -0.960     0.186
    -1.440    -1.823    -0.845     1.547     0.870    -1.646     0.314     1.649     0.042    -0.598     1.934    -1.825    -0.146    -1.361    -0.941    -1.240    -0.392     0.754     0.466     1.885     1.002     1.547    -1.305     1.459     1.184     1.097    -0.909     1.146    -1.447     0.131    -0.668    -0.887     0.307     0.487    -1.339    -0.823     0.841     0.975    -1.175    -1.116    -1.623    -1.241    -0.942     0.231    -0.602     0.118     0.991     1.006    -1.128    -0.543
     0.891     1.874    -0.996     1.586     1.333    -1.812     0.682    -1.576     1.334     1.236     0.555    -1.334    -1.651    -1.138     1.153    -0.990     0.039    -0.006     1.985     0.864     0.878    -1.638     1.623     1.936     0.593    -0.979     0.054    -0.416    -1.972     0.926     1.041     0.919     0.801    -1.955     0.505     0.134    -1.767    -0.813     0.558     1.566    -1.577    -0.887    -1.768    -1.228    -0.025     1.385    -0.218    -1.987    -0.620    -0.233
     0.877    -1.742     0.129     0.501    -1.806    -1.278     1.522     0.248     0.307     1.550    -0.825    -0.652     0.468     1.975    -0.607    -1.027     0.109    -0.374     0.160    -1.333    -0.808     0.582    -0.220    -0.576     1.354     1.754    -1.190    -0.864     1.768     0.189     0.903     0.645     0.447    -0.968    -0.854     0.641    -0.246    -1.332    -1.111    -1.939    -1.782     0.063    -0.591     0.686     0.039     0.802     1.659    -1.852    -1.573    -0.181
    -1.184    -0.380    -1.598     0.596     1.044     1.756     0.350     1.854    -1.108     0.118     0.043     1.795    -1.237    -1.510    -1.173    -0.091     1.131     0.581     0.577    -1.980     0.643     0.795     0.083    -1.948    -0.518    -1.878     0.853    -0.859    -1.730     1.281     0.960    -0.914    -1.100     1.362     1.681     1.944     1.118     0.031     1.798    -1.990    -1.851    -0.159     1.805    -1.088     0.331    -1.368     0.821    -0.539     1.214    -0.602
    -0.519    -0.144    -1.807     1.564    -0.092    -0.325     1.686    -1.239     0.816     1.956    -1.958    -0.224    -0.958    -1.058    -0.863    -1.277    -1.113    -1.745     0.754    -1.315    -1.735     0.903     0.526    -1.930     1.815    -1.143    -1.298     0.635     0.318     1.916    -1.967     1.799    -0.228    -1.773     1.363     1.680    -0.099     1.049    -1.559    -1.283     1.005    -1.517     0.493    -1.954    -0.575     1.630    -1.231     0.312     1.885     1.523
     0.997    -1.850     0.426    -0.477    -1.780     0.240     0.379    -1.077    -1.125    -1.302    -1.161    -1.091    -1.503     0.611    -0.865     1.860     0.290     1.037     0.909     0.731     1.754    -0.086     1.214     0.247    -0.040    -1.361    -0.123     0.729     0.951    -0.237     0.252    -0.052    -0.087    -1.322     1.471     0.134     0.918    -0.150     1.056     1.793     0.548     1.895    -1.298     1.045     0.506    -0.162     0.905    -1.204    -1.125    -0.187
     1.527    -1.371     1.727     0.741     0.875    -0.313     1.380    -1.247    -1.583     0.331     0.516     0.669    -1.720    -1.571     1.347     1.751     0.562     0.265    -0.399    -0.381     0.058    -1.851    -0.486     0.760     1.194    -1.981    -1.402     0.098    -1.185    -0.527     1.912    -1.658     0.101     1.639     1.083    -1.023    -0.674     0.463    -0.271    -0.257    -1.206    -1.755    -1.589    -0.926    -1.326     1.758    -1.175     1.236     0.023     0.426
    -1.145    -1.919     0.575     0.369     0.841    -0.232     0.389     1.439     1.867     1.204    -1.088     1.778     1.546     1.013     1.417     0.629     1.990    -1.257    -0.908    -0.280     0.486    -0.113    -0.035     0.897     0.961     0.638     0.655     1.785    -0.125    -1.323     0.211     0.730    -1.242    -1.214    -0.901     1.599     0.554     1.488     1.038     0.421     0.692     1.951     0.199     0.238     0.964    -0.384    -1.133     0.954     0.359    -0.040
    -1.326    -1.155     1.846     0.638     1.742     0.807    -0.723     0.397     0.593     1.152     1.074    -1.196    -0.118     1.832    -0.411     0.981     1.431    -1.857     0.468     0.470     0.564    -0.840     0.420    -1.237     1.397    -0.616     0.380    -1.735    -1.662    -1.261     0.224    -0.988    -0.416     0.070     1.651    -0.674    -1.122    -1.072     1.723     1.470    -1.921     0.797    -1.726    -0.039     0.629    -0.137    -1.058     0.060     0.006     1.410
    -1.470    -1.430    -1.431     0.951    -0.666     1.967    -1.665     1.713    -1.769    -1.327    -1.547     0.455    -0.314     0.037    -1.474    -0.664     1.363    -0.596     0.264     1.086    -1.126     0.343    -0.118    -0.852    -1.696    -1.488     1.011    -0.754     0.572    -0.983    -1.345     1.102    -0.413    -0.775     0.053     0.921    -0.809     0.388     0.635    -0.577     1.061     1.087     1.878    -1.253    -0.876    -1.596     0.083    -1.513    -0.192    -1.653
     1.573     0.681     0.690    -0.545     1.829     0.995    -0.033     0.840    -1.760    -1.461     1.857    -1.104     1.641    -0.555     0.120    -0.306    -1.634     1.312    -1.918     1.001    -1.265     1.143     0.088    -1.387     1.890     1.212    -0.983    -0.027     1.699     0.824     0.320     1.271    -0.494    -0.990    -1.274    -0.665    -1.995     0.693    -1.825    -1.755     1.232    -1.968    -0.859     0.873    -0.523     1.261    -1.434    -0.157     0.573    -1.352
    -1.156     1.307     1.791     0.932     1.920     1.681     0.144    -1.063    -0.346    -0.158     1.761     1.974    -0.886    -0.734    -1.015    -0.160     0.601    -1.010    -1.467     0.776    -0.765     1.765     0.809     0.375     0.637    -1.714    -0.364     1.204     0.129    -1.791     1.852     0.973     1.516     1.643    -0.096     1.436     1.324    -1.952    -1.627    -1.021    -0.110    -1.866    -1.047     1.004    -0.600    -0.063    -1.156    -1.999     0.927    -0.623
     0.778    -1.838    -0.858    -0.413     0.537     1.780    -0.128    -1.827     0.983    -1.999    -1.618     0.835     0.974     1.899     0.479    -1.122     1.335    -0.197    -1.074     1.708     0.782     0.816     1.841     1.735    -0.180    -0.759    -0.328     0.664    -0.757    -1.401    -1.959    -1.979    -1.240    -0.817    -0.393     1.297    -1.037     1.480     1.470     1.946     1.481     1.853     0.782     0.455     1.751    -0.740     1.333     1.086     1.064    -1.742
     0.794    -0.154     1.074     0.635    -0.420    -1.107     1.876     1.252     1.557    -0.881     1.851     1.598    -0.860    -1.389    -1.219     0.747     1.908    -0.256     0.226     1.379    -0.310    -0.293     1.231    -1.528    -1.838     0.983    -0.267     1.494     0.069    -1.204     1.752    -1.138     0.642     0.826     1.497    -1.778     1.719     1.374     1.474     1.276    -1.507     1.325     0.874    -0.368     1.936     1.656    -1.621     1.845    -0.600     0.605
     1.224     1.090    -1.688     0.455     1.562    -1.526    -0.562    -0.705     1.968     1.507     0.092     1.720    -1.631    -1.267     0.547     1.866    -1.044     0.266     1.240    -1.570    -0.458     1.733     1.755    -1.584    -0.635     1.691    -1.928    -0.256     1.536    -0.528    -1.651     0.760    -1.438    -1.339    -0.785    -1.875    -0.865     0.653    -0.580    -0.897     0.160     1.512    -1.176     0.529    -1.755     1.370     0.395    -0.799    -0.364    -0.365
    -0.370     1.178    -0.632    -0.615     1.595     0.733    -0.923     1.667    -1.523    -1.387    -0.861    -1.174     1.373    -0.299    -0.513    -1.411    -0.174     0.622     1.242     1.246     1.726    -0.598     0.757    -1.451     1.931     1.002     1.920     0.326    -1.797    -0.444     1.961    -0.167    -1.266    -0.671     1.218    -1.672    -1.938    -1.705     1.995    -1.461    -1.092    -0.866    -0.635    -1.719     0.835     0.853    -1.130    -1.339    -0.525    -1.888
     1.907    -0.799    -0.486     0.664    -0.250    -0.555    -0.333    -0.330     1.771    -0.131     1.225     1.733     1.703     1.959    -0.938     0.921    -1.713    -0.876     1.216    -1.718    -0.336    -1.876    -0.584     1.029    -1.595    -1.749    -0.118    -0.725    -1.088     1.357    -0.613    -1.182    -1.442     0.901     1.483     0.308    -1.654    -0.851     1.977    -1.883     1.019     1.202     1.849     0.721     1.161    -1.089    -0.358     1.448     0.036    -1.141

GOT MATRIX:
     1.731     1.699    -1.017    -0.853     0.728    -0.612    -0.602    -1.390     0.663     0.310     1.967    -1.950     1.128    -1.475     0.951     0.611     0.832     1.297     1.760     0.809     1.414     0.779     0.011     1.263    -0.500    -0.827    -1.825     1.142    -1.379     0.210    -1.999    -1.648    -0.090    -1.016    -0.501    -1.362     0.372     0.897    -0.752    -0.965    -0.793    -0.785    -0.915    -1.665    -0.260    -1.964     0.946    -1.428     1.333     0.706
     1.381     0.747    -0.516    -0.607     0.010     0.984     0.565     0.184     0.127     1.186    -1.605     0.128     1.538     0.304     1.111    -0.963     0.943    -0.517     1.934    -1.809     0.517    -0.859    -0.594     1.602    -0.524     1.146     1.638    -1.578     1.719     0.971     1.127     1.100    -0.283    -1.388    -1.508     1.727     1.596     1.058    -0.088    -0.277     0.244     0.306     1.850    -0.217    -1.389     0.961     0.820     1.554    -1.556     0.754
     1.745     0.961     1.895    -0.849     0.564    -0.629    -1.702     0.202    -0.208    -1.984    -0.828    -1.080     1.116     0.890    -0.469     1.608     0.617    -0.873     0.666    -1.471     0.850    -1.090     0.835     0.700     0.693     1.446    -0.339    -0.487     1.000     0.105    -1.734     0.744    -0.933    -1.839     1.895     1.630    -0.468    -1.807    -0.168     1.324    -1.791     1.004    -1.756     1.325    -0.106    -0.225     0.933    -1.489     0.902    -0.400
    -0.961    -0.248     0.510     1.874    -1.548    -0.797     1.320     0.113     0.715     0.320    -1.781     0.982    -0.936    -0.715     1.143    -1.041    -1.085    -1.325    -0.848     0.747     1.999    -0.639    -0.249    -1.757    -1.314     1.644     0.018     1.620    -1.845    -1.080    -0.781    -0.806     0.672     1.729    -0.932     1.124    -1.068    -1.612    -0.762     1.647     0.708    -0.543     0.628     1.772     0.742    -0.229    -1.269     1.657     0.446    -0.117
     0.404     0.445     1.244    -1.845     0.688     1.931     1.799    -1.294     1.550     1.954    -0.374    -1.230    -0.852    -1.702    -1.501     0.216     1.422    -0.570     0.604    -1.340    -0.923    -0.688     0.117     1.705    -0.916    -1.142    -0.523    -0.185    -1.484     1.923     1.698     0.919     0.368     0.942     1.074    -0.944     0.873     0.873    -0.239     0.423     0.827     1.387     1.193     1.975     1.685     1.691     0.191     1.107    -0.878    -1.205
     1.767     0.199     0.107    -0.116    -0.095     1.191     0.742     1.381    -0.994     1.258     1.304    -1.296     0.177    -0.328     1.646    -0.749     0.727     0.519    -1.876    -1.511    -1.059     0.951     1.876    -1.866     0.926     1.560     1.826    -0.883     0.667    -1.052    -0.087     0.435     1.147    -1.980    -1.681    -0.949     1.211     1.061    -1.567    -1.782     0.319     1.736    -1.079    -1.504    -0.592    -1.433    -0.253    -1.864     1.086    -0.128
    -1.376    -1.973    -1.177    -1.500    -1.839     1.750    -1.940     1.987    -1.133     0.728    -1.065     0.780    -0.838    -1.919     0.800    -0.519    -0.867     0.011    -1.458    -0.435     0.229     0.861    -0.698     1.150     1.357     0.710     1.717    -0.896     0.846     0.803     0.976     1.470     0.830     1.799     1.970     0.992     1.549    -1.970     0.979    -1.584     0.758     1.914     1.195     1.920     1.995    -0.005    -0.599    -0.872    -1.994    -0.057
     0.693     0.235    -1.197     1.995    -0.615    -1.840     0.705    -0.898    -0.735    -0.450     1.905    -1.759    -0.980     0.736    -1.960    -1.010    -0.272     1.589    -0.980    -1.293    -1.995     1.777    -1.380     1.200     1.697    -1.384    -0.805    -0.902    -0.256    -0.799     1.040    -1.563     1.436     1.844    -1.569    -1.179    -1.996     1.136    -0.077    -0.732    -1.314    -0.171    -0.491    -0.294    -1.435    -0.451     0.696     0.292    -0.861     1.716
     0.999    -0.856     1.493     1.620    -1.656     1.190    -1.765    -0.461    -1.713    -0.021     0.741     1.328     0.415     0.177     1.171     0.847     0.998     1.175    -0.017    -1.079    -1.556     0.670     0.750    -0.047    -1.624     1.315     1.502     1.072    -0.393    -1.359     0.787    -1.394    -0.216     0.280    -1.774     0.128    -0.530    -1.539     1.667    -0.243     0.440     0.408    -0.915    -1.144    -1.415    -1.744     1.703     1.583     1.432    -0.314
    -1.495     1.875    -1.645     1.255    -0.172    -1.269     0.570    -0.670     1.803    -1.823    -0.029     0.590    -1.217     1.756    -1.130    -0.991    -0.116     0.340    -0.529    -0.449    -1.903     1.911     1.959    -0.818    -1.234    -1.455    -0.562    -1.531    -1.872    -1.130     0.155    -1.367    -1.255     0.510     1.887     0.573     1.241     0.457     1.903     1.044     0.634    -0.125    -0.366     1.418    -0.370     0.505    -1.573     1.514    -1.155    -0.102
    -0.935    -1.058    -0.191    -0.975     0.124     0.575    -0.431     1.562     1.044    -0.303    -1.568    -0.801     0.330    -0.823     1.708     0.217     1.750     0.949    -1.326     1.653    -0.007     1.309    -0.472     1.627     0.726     1.158     0.132     1.153     0.672     0.977    -0.949     1.737     1.919     0.860    -1.239     0.042    -0.565     0.331    -0.395    -1.521    -1.972     0.036    -0.323     0.357     1.213    -0.614    -1.426     0.963    -1.665    -0.751
     0.616     0.328    -1.443    -1.856    -0.045     1.284     1.302    -1.913     0.437    -0.027     1.064     1.488    -0.290     0.982     0.348     0.472    -0.975     1.782    -1.198     0.629    -1.739    -1.170    -1.334    -0.062     1.187     1.879     1.324     1.761     0.842     1.659    -0.990    -0.542    -0.013    -0.433    -0.398     1.942    -1.149    -1.097    -1.971     1.288     0.877     1.093     0.776    -1.413     0.075    -0.877     1.059     1.100    -1.095     1.861
    -0.270    -0.834    -1.309     0.395     1.104     1.878     0.274     0.428     1.639    -0.884     0.086    -1.351     0.574    -1.927     0.216    -1.824    -1.985     1.067    -0.921    -1.957     0.355     1.956     1.136    -0.870    -1.457    -0.789     0.254     1.602    -1.689     1.159     1.462     0.041    -1.675    -1.847    -1.564     1.429    -1.970     0.710    -0.143     1.669     1.827     1.943    -1.682     0.400    -1.984     0.534     0.576    -1.970    -0.399     1.655
    -1.926     1.956     1.611     1.210    -0.914    -1.846    -1.579     1.340     1.755    -1.267     0.499     1.218     0.774     0.824     1.371     1.210     0.254     1.401    -0.079    -1.889     1.071    -0.253    -1.946     1.389    -1.852    -1.930    -0.077     0.724    -1.900     1.524     0.379    -1.826     1.480    -0.010     1.384    -1.434     0.143     1.806     1.907    -0.101    -1.461     0.406    -0.883     1.312    -0.770    -1.513     0.523     1.484     1.889    -1.557
     1.594     0.959     0.190     1.648     0.348     0.338     1.718    -1.729    -0.939     1.818     1.795     1.440     1.992     1.275    -0.571     1.376     1.841     1.573     1.182     1.748    -0.528     1.721     0.154     0.588     1.033     1.384     1.076    -0.444     0.867     0.965    -0.001     0.461    -0.076    -1.811     0.109    -1.728     0.527    -0.173    -1.458     1.588    -0.356    -1.663     1.028    -0.364     1.612    -1.543    -0.987     1.453    -1.970    -1.805
     1.201    -0.498     1.916    -0.645    -1.910     0.949    -1.261     1.166    -1.495     1.606     0.131     0.504     0.067    -1.946     0.693    -1.824    -1.674    -0.781     0.003    -1.132    -1.193     1.647    -0.795     1.834    -0.716    -1.183    -1.709     0.296    -1.729    -1.679     0.491     1.472    -0.177     0.407    -1.173    -0.087    -0.644    -0.434    -0.921    -0.139    -0.829     1.210    -1.635     1.238     1.264     1.057     1.414     1.590    -1.724    -0.583
    -1.542    -0.917    -0.936    -0.336    -1.083     0.347     0.481    -0.791    -1.356     0.752    -0.470     1.135     0.224     1.353    -0.458     1.051    -0.734     0.898    -1.384     0.345    -1.241    -0.212    -0.445    -0.877    -0.974    -1.181    -1.819    -1.560    -1.591    -1.543    -0.144    -1.133    -0.460     0.920     0.531     0.457    -0.732    -0.988     1.666    -0.089     1.764    -0.804    -0.954    -0.012    -1.451     0.588    -0.961    -0.185    -0.514    -0.345
    -1.840     0.245     1.443    -0.285     1.369    -1.532     0.534     1.549    -1.092     0.943    -1.994     0.765     1.811    -0.454    -0.315     0.342    -1.997     0.952     1.354     1.669    -1.136     1.118    -1.135    -0.090    -0.894    -0.586    -1.501     0.144     1.229    -0.015     1.800     1.389    -1.769     1.242    -0.896     1.599     1.711     1.638     1.149    -1.381     0.582     1.155     1.384     0.392    -1.299    -0.932    -1.266    -1.296    -1.979    -1.912
    -1.628    -1.115     1.206    -0.763     0.795    -1.688     0.651     1.294     0.456    -0.121    -0.721     0.255    -0.732    -0.491    -0.502     0.372    -0.891    -0.792     0.010    -1.742    -0.173    -1.408     1.412    -0.789     0.984    -1.887     0.279     1.718    -1.183     0.300     1.806    -0.811     1.185     1.012     0.426    -0.020     1.324    -0.923    -0.727    -0.220     0.957     0.552    -1.965    -1.775    -1.938    -0.467     0.597    -0.829     0.742    -1.393
    -0.572    -1.431    -0.801    -1.159    -0.220    -1.817    -1.046    -1.941     1.902    -0.230     0.359     1.708     0.960    -0.457     0.721    -0.614     1.523     0.044     0.463    -1.204     1.824    -0.580     1.349     1.860    -0.355     1.410    -0.607    -1.758    -1.419    -1.866    -1.151     0.009    -1.297     0.048     0.850     0.483     0.232     1.803     0.542     0.134    -0.426    -1.100    -0.158    -1.467     0.444    -1.438    -0.081    -0.033     0.607    -1.617
     0.763     0.431    -0.197     0.112     0.291     1.448    -0.478     1.684     1.690     0.103     1.818    -1.461    -1.888    -1.479     0.587     0.961     1.004    -1.181     0.764    -0.454     0.953    -1.662     0.446    -1.206    -1.129    -1.110    -0.643     0.791     0.857     1.963     1.173    -0.380     0.395    -1.024     1.732    -1.315    -1.576    -0.746    -1.631    -1.887     1.357    -1.813    -1.348     1.469    -1.292     1.239     0.430     1.712    -1.942    -0.805
    -0.742     1.011    -0.467     1.704     1.805     0.404    -1.406    -0.838    -0.805     1.451    -0.875    -1.632    -0.929     1.520    -0.656    -1.197    -1.795    -0.232     0.058    -1.426    -0.118    -0.585    -1.239     0.534    -1.116    -0.531    -0.227     1.315    -0.819    -0.169    -1.491     0.439    -1.158     0.042     0.143    -1.353    -1.554     0.736    -0.192    -0.359     0.187     0.933     0.010     1.258     0.453     1.354    -1.938     0.658    -0.878     0.119
     1.232     1.004     1.535     1.993    -0.462    -1.581    -0.537     1.311     1.734     0.644    -0.858    -1.757    -0.917    -0.016     0.285     1.226     0.630     0.731    -0.038    -1.561    -1.627    -1.851     1.372     0.382     1.407    -0.175    -0.264     1.469    -1.517     0.859    -0.412     1.715    -0.137    -0.877     1.708     1.401    -0.458    -0.829     0.711    -0.724     1.815     1.853    -0.481    -1.102    -0.163     1.804    -1.876    -1.533     0.535     0.087
    -1.094     0.908     0.236    -1.722    -0.710    -0.357     0.103     1.026    -0.888     0.586    -0.115     0.701     0.301     1.748     1.824     0.009     1.148    -0.634     1.180    -0.140     0.642     0.995    -0.287    -1.839     1.894     1.550     1.965    -1.982    -1.983     0.500     0.105    -1.076    -0.592    -1.659    -0.798     0.698    -0.016     1.305    -0.276     1.097    -0.108     1.610    -0.203    -1.807     1.357    -0.379     0.202     0.506     0.987    -0.618
    -1.635    -0.371    -1.623     0.078    -0.210    -1.729    -0.372    -0.245    -1.711    -0.354    -1.745     0.394     0.570    -0.338     0.734     1.772    -1.640    -1.282     1.077     0.085     1.815    -1.032    -0.305    -0.388    -0.839    -0.948     1.234     1.363     1.558     0.221    -1.255     1.923     1.851    -0.877     0.002    -0.359    -0.606     1.630     1.396    -0.317    -0.724     1.650    -1.924     1.845    -0.687     0.811     1.617    -0.327     1.529     0.694
     1.758     1.344     1.662    -0.547    -1.044    -1.177     0.504    -1.810    -1.814     0.062     0.411    -1.068    -0.015     0.262     0.054     1.987     1.903     1.448     1.617     1.298    -0.869    -1.107     0.948    -0.793    -1.262    -1.739    -1.982    -1.645    -0.066     1.547     1.049    -0.308     0.892     0.711     1.145     1.848     1.534    -0.351    -1.962     1.720     1.712     0.449    -1.348    -0.303    -1.289     0.706    -0.316    -1.386     0.154    -0.699
     1.912     1.285     0.194     0.861    -1.508     0.932     1.122    -1.489     1.286    -0.944    -1.942     0.335     0.749     0.950    -0.954    -0.107     0.798    -1.420     1.543     0.836    -1.700     1.254    -0.715    -1.048    -1.049    -0.003     1.657     0.635     0.611    -0.188     1.936     0.523    -0.903     0.129    -0.616    -0.411    -0.939    -1.494     0.100    -1.653    -0.438     0.158     0.682    -1.689    -0.893     1.728     0.204     1.905    -1.692    -0.253
     0.741    -1.392    -0.998    -1.974    -0.440    -0.047     0.022    -0.783    -1.412    -1.367     1.029    -1.476     1.156    -1.875     0.653    -1.460    -0.286     1.714    -0.954     1.814    -1.939     0.608    -0.028     0.744     0.919     1.079     0.472    -0.876     0.984     0.780     0.871    -0.276     1.388     1.873    -0.250    -1.053    -0.175     1.772     0.164     0.413    -1.595    -0.807     0.937     1.561    -0.682    -0.410    -1.899     1.032    -0.697    -0.853
     0.846    -0.636     1.755    -1.183    -1.892     0.675     1.896     0.580     1.799     0.880    -0.640     0.670    -1.396    -1.252     0.543     0.354    -0.305    -1.632     0.127     1.859     0.781     0.532    -0.948    -0.282     0.092     0.370     1.308     0.193    -0.597    -1.389     1.340    -1.752    -0.025     1.096    -0.934     0.083    -0.229    -1.038    -1.337    -0.430     1.842     0.022    -1.760    -1.553     0.770     0.783     0.801    -1.535     1.151    -1.072
    -1.676    -0.068     1.459    -0.623     1.650    -0.448     1.747     0.958     1.745    -0.850     1.569     1.085    -0.602    -0.456     0.181     0.464     1.627     1.952     1.426    -1.710    -0.479     1.269     0.313    -0.239     1.715    -0.917    -1.456     0.517    -0.452     1.694     1.444    -0.128    -0.373     0.903     1.249    -0.723    -1.545     0.996    -1.765    -1.800    -1.854     1.803     1.285    -0.456    -0.653    -0.534    -1.991    -1.025    -0.582     1.435
    -0.735     0.940     0.704     1.577    -1.299     0.419    -1.340    -0.755    -1.064     0.208    -1.061    -1.620    -1.920     0.565     1.283     1.329     1.842     1.739     0.325    -1.923     1.939     0.471     1.880     1.224    -1.985    -0.772    -1.310    -1.976     0.202     0.109     1.459     1.467    -0.952     0.163     1.044    -0.251    -1.418     1.704     0.994    -0.482    -0.088     1.932    -0.102    -0.008     0.498    -0.819    -0.680     0.340    -1.080     1.645
     0.417    -1.142     0.116     0.297    -1.918     0.131     1.524    -1.227     0.155    -0.273     0.881    -0.386    -0.806     1.929     1.777    -1.762    -0.322    -1.641     1.943    -1.328    -0.123    -0.145    -1.396     1.775     1.846     1.102    -1.044    -0.834    -0.558    -0.124    -1.189     1.859     0.734     0.927     0.156     0.816    -0.942    -0.320     1.589     1.214     1.407     0.470    -1.172    -1.399     0.399    -1.395    -1.161    -1.922    -1.035    -1.219
    -1.250     0.841     0.636    -0.646     0.616     0.482    -1.543     1.572     1.649    -0.101    -0.553    -1.540    -0.242    -1.819     1.387     1.915     0.997    -1.555    -0.405     0.586     1.659    -0.998    -0.944    -1.513    -0.397     1.455    -0.907     0.442     1.533     0.057     1.223    -1.717    -1.101    -0.141    -0.363     1.514    -1.659     0.094     1.086     1.990     1.993    -1.467    -1.550    -0.248    -1.286     1.837    -0.334     1.711    -1.718     1.261
     0.297     1.941    -1.737     1.353    -1.571    -0.134     0.808    -0.478    -1.692     0.342     1.579     1.531     0.625    -1.522    -0.610    -1.738     1.992    -0.268     0.356     1.078    -0.278     0.350     1.611     0.172    -1.898    -1.675     0.008    -0.232    -1.964     0.290    -0.970     0.333     0.232    -0.707    -0.313     0.660     1.159    -1.505    -1.818     1.467     0.837     1.761     0.998    -0.539    -1.761    -1.612    -0.276    -1.769     0.120    -1.920
     1.309     1.842     0.430     0.920     0.013     0.532     1.246    -1.978    -1.700     1.282     0.312    -0.670    -0.384    -1.456     0.623     1.302     1.204    -0.218     1.797     1.386    -0.751     0.634     1.147    -1.753    -1.905     1.386    -1.364    -0.182     1.617     0.756    -0.102     0.926     0.597    -1.672    -0.154    -1.389     0.860    -0.908    -1.368     1.160    -1.626     0.944    -1.511    -0.010     1.488     1.112    -0.708     0.692    -1.106    -0.911
     0.077     0.144     1.723    -0.776     0.391     1.818    -1.390     1.027    -0.364    -1.774    -0.218     1.535     1.152    -1.620     1.863    -1.002    -1.010     0.723     0.090    -0.377    -0.118     0.464    -1.433     0.372    -1.546    -1.946    -0.516    -0.254     0.746     0.378     0.835    -1.177    -1.478     0.558     0.048     0.913     0.376     0.658    -0.061    -1.988     0.884     1.722     1.547     0.036    -1.899     1.409     1.035    -0.908     0.132    -0.875
     0.714    -1.986     1.589     1.281     0.386    -1.956     1.335     1.870    -0.210     0.081     0.248    -1.375     0.905     0.769     1.184    -1.048    -0.318    -0.441     1.610     1.621    -0.429     0.494     1.343    -0.882    -1.469     1.444    -1.473     1.565    -1.464     0.659    -1.310     1.251     0.673    -1.720     0.532    -0.941    -1.676    -0.133    -1.072     0.114     1.949     1.176     0.739     0.853    -0.055    -0.077     1.806     1.627     1.482     1.416
     1.248    -0.947    -0.090     0.591     0.171     0.441     0.036     0.698     0.006     0.572    -0.643     0.696    -0.177    -1.970     0.976    -1.646    -0.911     1.299     0.222     0.017    -0.587     0.170    -0.808    -1.848    -0.977     1.137     0.075    -1.171     0.765    -0.443    -1.755     0.013     0.610     0.155    -1.396    -1.219    -1.404     0.640     1.480     0.601    -0.788    -1.163    -0.702     1.035    -1.133    -1.726     1.390    -0.045     1.573    -0.389
     1.972    -1.014     1.781    -0.836    -0.862    -1.195    -1.698     1.213    -0.366     1.066    -1.230    -0.121    -0.921     1.380    -1.966    -0.316    -1.838    -1.370    -1.676     1.641     1.231    -0.464    -1.522    -1.471    -1.429    -0.655    -1.198     1.961     1.300    -1.625    -0.428     1.271    -0.639    -0.646    -1.565     0.500     0.158    -1.263    -0.287     1.792     1.803     0.483    -0.329    -1.118    -0.136    -0.295     0.566     0.026     0.335     0.890
    -0.333    -0.434    -1.574     0.145     0.095    -1.003     1.490     0.897    -1.042     0.789     1.272     0.531     0.061    -1.366     1.884     0.496     1.134     0.043     1.233    -1.153    -0.165     1.036     1.330     1.507     1.919    -0.806    -0.788     0.485     1.220     1.547    -0.626    -1.113    -0.887    -0.200     1.032     1.208     0.798     0.522     0.105     1.756    -0.689    -0.623     0.287     1.372     0.011     0.171    -0.132    -0.855    -1.786    -0.899
    -0.008     0.049    -1.863    -0.678    -0.444    -1.944     0.516     0.768     0.541    -0.264     0.315     1.915     0.623     1.428    -0.285    -0.344     0.636    -1.487    -1.822    -1.260    -1.731    -0.511     0.117     0.556    -1.139    -1.872    -1.273     0.729    -0.727    -1.060     1.830     1.264     0.989     1.967    -1.414    -1.455    -1.977     1.103     1.313     0.564    -1.161    -0.373     0.479     1.462    -0.945    -1.806    -0.882     1.691    -1.293    -0.704
    -1.569    -1.024     0.785     0.549     1.532     1.645     0.677    -1.742     0.374     1.950    -0.802     0.204     1.214    -1.812     0.171     1.801    -1.267     0.194     0.903    -1.955    -1.241     1.742    -0.327     1.238     1.205     0.728     1.432    -1.677     0.419    -1.861    -0.381     0.850    -0.885    -1.596    -0.602    -1.353    -1.951    -1.925    -1.095     0.423    -1.975     0.103    -1.373     1.239     0.291     0.798     1.040     1.024    -1.007    -0.056
     1.069    -0.249    -0.314    -1.258    -1.011    -1.109     1.470    -1.579    -0.786    -0.111    -1.440     0.833    -1.262    -0.325     1.237     0.137     0.322     1.286     0.212     1.227    -0.291     0.237    -0.670     0.336    -0.523     1.622    -0.866    -1.483     0.645     0.127     0.460    -0.286     1.878    -1.854     0.456    -1.133    -0.963    -0.074    -0.712     0.251     1.814    -0.153    -0.916    -1.447     1.522    -1.679     0.690    -0.156     1.607    -1.098
    -0.929    -0.684     1.139     0.402     1.653    -1.384     0.023    -1.213    -0.867    -1.331     0.914     1.593     0.383     0.792     1.739    -1.161     1.659    -1.224     0.765    -1.054     1.027     0.579     0.794    -1.889     1.132     0.316    -1.567    -0.178    -1.839    -1.960     0.724    -0.768    -0.644    -0.136     1.634    -0.991     0.480    -0.343    -0.204     1.612     0.326    -1.290     1.205    -1.291     1.502     0.944    -0.452     1.161     1.720    -1.687
    -1.893     0.747     0.892     0.901     0.859     0.024    -0.782     1.291     1.846    -0.622     1.331     0.571     0.611    -1.313    -1.566     0.245    -0.304     0.914     1.902     1.491     0.526     0.228    -1.799    -0.268     0.937     1.703    -1.324    -1.515     0.864    -1.604    -1.203     0.972     1.144     1.689    -0.127     0.002    -0.287     1.091    -0.706    -0.440    -1.531    -1.375    -1.870     1.080    -0.688    -1.435    -0.675     1.007     1.479    -0.773
     0.499     0.005     1.455     0.700     1.737     0.392     0.403    -1.587     0.876    -0.732    -1.191     1.673    -1.761     1.953     1.363     0.112    -0.045    -0.924    -0.797     1.249     0.636    -0.328     1.873     0.766    -1.248    -0.815     1.331     0.077    -1.808     0.810     1.303     0.691    -1.185     0.758    -0.609    -1.448    -0.850     1.794    -1.035    -1.974    -0.938    -0.226     1.700    -0.699    -0.273     1.062     1.414     1.682    -1.862    -1.383
     0.930     0.774     0.289     0.804    -0.460     1.041     1.988    -1.129    -0.882    -1.819     1.680    -1.579     0.872    -1.505     1.180    -1.737    -0.953    -1.671    -1.943     0.013    -1.644    -0.881     1.787    -1.945     0.420    -0.487     1.117    -0.167    -0.805     1.255     0.450    -1.875     0.029    -1.261     0.928     1.569     1.780     0.917    -1.561    -1.102     1.098    -1.880    -0.681    -0.031    -1.385    -1.501     0.232    -0.337    -1.172     0.289
     1.675    -0.816     1.407     1.462    -0.761    -0.173    -1.025    -1.644     1.661     0.170     1.612     0.111     0.295    -0.359     0.850    -0.777    -0.791     0.630    -1.860    -0.351     1.528     1.238    -0.232    -1.152    -0.793     0.383    -0.653     1.439    -1.954     0.175    -0.273     1.721     1.359    -0.865     1.183    -1.402     0.962    -1.842    -1.046     0.623     0.327    -1.434    -1.267    -1.378     0.207     1.583    -0.155     1.416     0.214    -0.015
    -0.936    -0.258    -0.777     0.833     0.590     0.430    -0.784     1.937    -0.132    -0.738     0.112     1.596    -1.017    -0.528    -1.269    -1.834     0.070     1.693    -1.677     1.024     0.315     0.650     1.590     1.048     1.272    -0.203     0.632    -0.883    -0.787    -1.155     1.102     0.277     0.587    -1.676    -0.890    -0.823     0.754     0.326    -0.886    -1.377     1.588     1.226    -1.781    -1.429    -1.302    -1.051    -1.263     0.768    -1.358    -0.940
    -0.208     0.957     1.711    -0.618     0.005     0.983     1.179    -1.363    -1.900    -1.608    -0.517     1.202     0.669    -1.930     1.526     1.778    -0.752     0.280     0.104     0.362     0.903    -0.308    -0.412     1.121     0.263     0.286    -1.930     1.000    -0.946    -1.288    -1.940     0.846     1.669     1.771    -1.772    -0.325     0.754     1.408     0.312     0.854     1.799     1.794     0.055     0.468     1.865    -0.419     0.246    -0.888     1.861    -1.649

RESULT:
    -8.625   -11.793     7.003    -7.106    -4.383    -0.351    -1.962     0.277     6.889   -11.481    -0.161    -7.522    -1.220    -2.388    11.779    -1.983    -5.302     3.278   -21.916    -5.885    13.150    -8.832    -0.901   -20.251   -11.136     1.740    -7.912    11.041   -10.547     3.933    14.866   -11.319     5.865     0.850    -1.454     0.543   -10.573     7.753     3.516     9.879    21.211    -8.032    -6.204    -8.644    -7.479    -3.854    -5.538    10.575     6.930    10.157
    -9.584    14.127   -13.113    -6.081   -11.229   -10.735     6.159     0.232    -0.996     5.411   -14.466     3.008    -4.671    -1.737    -7.402    14.607    12.327    -2.366    -2.635    16.981    -5.659     0.076    -3.443    -0.719    -9.745    -6.609     9.920     0.656     7.378     5.031     4.293    -4.195    20.163     4.419    -6.585   -14.705    -1.512     2.472     1.106     3.638   -21.722     2.533    -4.480    10.203     6.759    -7.667    -5.031    16.325     2.909    -5.812
    -6.156     1.345    -2.058     1.640     5.822     0.292    10.203    -4.105    -2.651     4.840   -15.916     8.818    -7.527    10.627    -4.431    -5.142    -4.733   -16.573    10.233    17.518     6.802    -5.266    -2.860    -9.671    -6.343    -0.194     3.823     2.466     7.425    -2.799     2.573     4.423    -9.175    -0.721   -10.440    10.501    -2.369    -4.024    -7.148    11.964    11.023     0.215    -6.069   -10.422   -11.083     8.665     0.184     0.499   -14.385    -9.053
    -6.224    -5.041    -2.838   -16.379   -11.122    -7.758    14.441     8.467   -10.673    15.668     0.100     3.927     3.820     2.515    12.802    -3.916    11.661    -9.750     2.472    10.430    -4.096     8.875    -7.207   -13.317    -3.051    -4.977    -6.574    -3.783    -0.339    -2.588    12.624   -15.153   -10.367     5.275    -4.177     2.189    -7.183     4.856    -5.135     4.278     7.126    -4.194    13.215    -7.425     0.544    -8.141    -5.513     1.635   -10.086    -4.002
    10.604   -10.442    -6.172    -2.497    -8.057     1.190     3.862   -11.917    -8.092    -4.074    11.078    -1.257    -1.717     8.591    10.467   -15.044     6.696   -11.345    -6.771   -10.616    13.127    10.744    12.866    -6.457    11.100     8.025     5.199     2.655    -3.782    -3.480     5.003     1.930    -1.499   -13.295    -3.208     1.152     3.826     0.873    -4.865     4.995    -7.817     0.318    -3.087   -19.309     2.793     2.005     2.848     1.250    -4.453    14.305
   -18.021    -6.935   -21.117     8.372     4.859    -6.056    -4.251     5.989     9.286     1.780    -0.549    12.979   -10.568     6.946     4.358    -2.762     2.739     5.225     1.070   -20.803     5.824    -6.970     7.765     7.498    -8.870    -5.612    -4.697     1.904   -16.717     1.499    -2.791    -2.191    -2.678    -5.448     9.942   -10.611   -21.914     5.177    19.996     7.198    12.838    -1.322     5.138    13.133    -3.187    -3.956    -2.940    13.748     0.799     5.319
     2.134     6.367     3.976   -13.520    -5.935     5.529     9.045   -10.765     9.337    -4.636     8.748     2.393     4.903     4.805    10.824    14.765     9.721     0.136    -2.150     7.710    -4.845    -8.792    -2.616     3.889    -6.447    -8.649    -9.725    15.074   -14.667    27.864    -2.156    11.956    11.957     9.723    11.447     3.799     1.876    -4.846    -3.508     5.141     3.384     3.107    14.242     9.722     5.122     5.122    -6.816    13.809   -15.439     0.993
    -6.222     4.819    -6.260   -14.933    -2.662     5.188     0.194     5.568    12.704   -12.395   -10.897     0.856    -0.803   -14.261    -4.827     0.785     7.701    -4.975     1.248    -7.872    10.413    -7.631     1.617     6.874    -9.220     1.382    -2.658   -10.258    21.501     6.345    19.694     5.693    -6.170    -0.972    11.984    12.443     2.263    -2.358     2.576     4.460     8.267     7.803    12.549    14.068    -8.268     1.511   -12.345     0.013   -13.784     3.092
    -3.463     0.360     3.935    -4.935     4.386    13.017    -0.764   -10.786    -9.194     1.848     4.762    -3.217    -0.321    -8.101     1.621     4.023     7.897     1.384     2.218    -6.948     4.304    -9.031     5.661     8.107     5.454     1.859   -11.767    -8.691    -3.237    11.357     4.191    -0.019    -4.775    -5.789    19.209    10.186    -0.061    -9.629   -17.800    13.966    12.140    -3.137     1.879     1.020     7.583    15.760     3.376    10.929   -14.891     1.368
    -7.048   -11.215   -19.301    -0.201    -4.777    -2.969    12.948   -19.966    -7.943    -5.326    11.332    12.586   -11.828     7.857    -0.726   -16.700    11.162    11.515    -2.814     5.789    -4.798     7.847     1.781    -5.019    14.560    24.830     1.255   -19.691   -10.450   -17.184    -5.469   -16.714    -0.208     6.840    -8.504    -6.310   -20.070     0.493     7.653    19.798     3.298    -3.183     4.453   -19.997     8.029   -20.151    -8.713    -7.726    16.124    -0.070
     4.568     2.365     0.557     7.245    14.644    -9.084   -18.914    -8.856    -2.196     6.962    -9.915    -1.828    11.951     3.352    -6.557     9.411    -5.952    -4.423     7.272    -6.563     1.461    -8.772   -15.063     3.124    -1.824     8.254    -1.926    11.885    14.794   -10.069    -4.766     5.149    -5.154    -4.390    -2.880    -5.413    -7.485    -6.183    13.154    -5.705   -15.090   -16.966    -0.985    -4.609    -1.026     3.920    12.023    12.115     5.310     9.402
     5.629    -0.243    19.963    -3.746    -8.725     5.247    11.740   -11.855   -17.785    18.895     4.045     1.341    -0.996   -18.827    22.816    16.404    14.919    -3.041     3.778    10.666     8.076     0.782    16.432   -18.840   -19.917    10.557   -11.765    -1.682    -8.469    -6.336     9.411    -9.589    -0.518    -9.608    -5.727    -3.240     6.902    -8.011   -20.644    14.354    20.270    -3.565    -4.576   -10.050    11.656     7.998     1.201     7.888     6.302   -14.262
    -8.847    -2.158   -12.659   -12.587    -7.887     7.019     6.650    13.326     1.464     6.164    -1.725   -20.031   -15.608    -6.723     3.414    -2.458   -10.318    -9.143   -16.408     0.063    -0.134   -14.680     1.540    -0.842     6.812    -3.116     0.127    15.935    -7.646    14.710    -0.702    -4.344     4.492     8.459    13.326     5.898    -4.247     4.857     2.021     1.247    18.626     4.515     3.049    19.219    18.459     4.108   -16.733    -1.526    -7.109     8.423
     0.671     0.515   -17.411    -8.262    -3.845   -28.723     9.483    -0.110   -15.106     5.369    -2.507    -7.249     2.328    -3.482   -11.568    -4.877     0.027     4.326    15.062    -2.046   -18.638    -5.714    -3.030     8.146     0.759   -15.431    -8.219     3.584     1.679    18.130     3.598     6.609    14.120    -2.782     2.938    -4.065   -12.031     6.456    -2.143    16.135    -8.007    16.007    -3.387     9.253    -7.236    -0.933     8.862     0.860     1.223    -0.372
     2.181     0.631    13.880    -3.302   -11.739     3.522    -5.837   -16.029     8.948   -14.471    10.939    -9.318     2.911    -7.820     0.150    -4.165     8.706    -1.041     8.352   -12.073    11.021    10.387    -1.063    -8.538     3.122     4.375    -7.254   -18.620   -23.731   -23.286    -2.943   -11.692    -4.197     9.740     0.714     1.031    -6.152     3.852     7.793     8.403     1.595     5.495   -15.934   -15.942    -0.541     0.961     5.586   -17.005    33.600     3.187
     3.456     7.789     6.934    -6.619     4.839   -10.918    -8.174    10.661     7.013   -12.226     1.345   -16.857     9.090     2.080    -5.156     3.964     0.266     6.470   -10.017    19.422    -9.174    -5.760    12.363     5.061     3.910     0.210    -3.177    11.656     1.225    16.658     4.175    14.123    -3.790     1.873    12.374    18.939     8.519     7.119    -8.688    -5.366     1.313     9.529     3.245     1.189    -4.833    -0.410   -14.385    -5.611   -15.797    12.128
    -0.615     4.061    -0.257     0.444    17.045     3.943     9.368     7.707    25.159     1.334     2.099    -5.851    -6.707     6.228     2.567    -8.199     4.521     1.427     3.553   -14.643    -3.479     1.691    -2.853    -0.497     4.675    10.371     1.226     4.933     6.637    19.803    -3.204     1.802    -8.571   -25.136     7.893    -0.671   -13.357     5.081    -3.966    11.266    -5.634     1.982    -5.875     2.472     4.407    -1.781    -4.999     4.253    -8.848     5.737
    -1.880     3.075     5.279   -15.767    -0.673    -1.820   -12.010     0.971   -12.900     2.928     0.835    -8.571     6.405    -4.418   -14.845     3.665     0.780    -4.417     2.871     1.041    -2.961   -13.955     7.758     4.382   -13.445   -13.830   -19.343     0.701    -9.162    -1.840     0.295    -6.625   -11.297     2.356    15.134     5.863     8.358   -14.660    -2.976     4.472     2.816     6.010     3.976     7.891    -2.823     2.263     3.292     2.113    -2.104     2.084
    -8.175    -6.478   -17.013    -3.689    -1.316    -5.813     3.230    -0.005     7.966     0.107    -2.705     1.751    -8.389    -2.643     1.702     1.269    11.682   -16.490     0.325   -11.713     9.013    -1.078    30.765     0.585     6.646     3.851     6.485    -3.337    -9.975   -14.637     1.525    -2.172    -7.570    -4.253     3.970    10.393    -1.595    -7.645    -1.942    10.058    -0.844     1.379   -17.731    -0.094     2.820    -2.664    -0.473    -8.805     1.468    -2.312
    -6.020    17.997     0.206     6.823    -3.176    -7.704     4.896     3.580    13.312     3.755    -2.907    10.053    -6.604    14.486   -11.847    11.948    -8.390   -11.680     3.728     9.665   -11.700    -6.959   -20.593   -12.121   -21.067   -11.892   -23.633    23.548     4.111     7.861     3.176     4.263    -5.006     4.545    12.614     4.167   -11.001    -9.292     7.044    11.318     7.600    -4.954    -1.209    16.022     3.823    22.346   -11.088    21.144   -15.159     0.090
    -8.623   -13.202   -10.121    -8.648    -2.013     3.553     6.799     9.043    -0.111    16.851    -6.197    -7.355     1.523     5.672    27.275     4.855     7.399     7.147    14.294   -21.998   -13.475     4.436     3.661     3.726     3.808    16.551    -1.438     3.707     5.351    11.788    11.411     3.683    -9.641    -6.766     2.499     8.671   -19.907    -3.550     7.842    -5.632     6.948     8.885     2.064    -6.279    -3.016    -6.963    -7.653     4.550   -21.500    12.550
    -0.731     3.018    -3.201    -2.625    16.250    -1.816    -5.059     1.106     1.000   -14.962   -11.062     7.181     2.674     3.864     5.211     6.710    -4.447    -1.624    18.249   -18.062     2.017    -6.370     5.366     7.461     3.573   -15.437    -2.812     7.521     7.654    12.603     2.415     9.360   -12.025     7.068     7.746    14.999     1.221     3.617    16.415     5.327     2.582    11.286     9.202    10.233   -11.352    14.372     5.846   -13.311    -3.921     3.374
   -13.061     7.872     2.457     5.166     5.529    -8.657     2.871    -4.852    -9.913    -5.741     9.771    -4.164     8.015    12.992    -3.616     9.084    -4.573     4.773     8.168    -4.313    -9.493   -13.429   -11.900    -5.125     4.936    -6.910    -8.167     4.799     1.438     5.224    -8.545   -10.959    11.192     5.079     2.359     2.435     5.193    -4.858    -0.676     1.739    -5.287     1.784    -2.150    -6.521   -14.317     2.052    -1.683    -0.725    11.934    11.462
    -1.153    -3.650     2.453    -1.118    -0.833    -2.281    24.184    -6.871    -6.258     7.938   -15.092    -7.120    -2.539     0.837     5.816    -2.206    -0.784     2.544     2.120     5.176    -3.651     8.249    14.497     7.023   -10.556     2.156    -1.779     1.228    -0.356    13.768     2.319    18.728    11.046     0.519    -1.920    -2.824     8.923    10.394    -3.720     2.049    -0.646    16.100     8.061    13.558    17.316   -15.088    -3.260    -0.822   -12.817     2.425
   -16.484    -1.319     0.982     8.705     3.919   -12.345    -1.237    -3.433    -3.811    -5.314     8.575    29.354     4.828    15.130     2.135    -6.674     2.517    18.941     2.136    -8.861     5.474    19.519    -7.209    -1.191     3.682    -1.691    -8.552    -7.550    -6.543    -6.695     2.244    -5.532    -4.417     5.578     1.468    -4.871     1.465     7.241     9.019     6.360   -13.480    -2.070     3.444    -9.877    -8.266   -23.431    -3.500     5.169     1.356   -13.013
     7.980     3.210    20.464   -15.106   -10.297     5.659    -9.004     4.364    10.074     3.169   -13.846   -10.986    -3.414   -17.603    10.890    12.951    13.420   -10.969    12.336     3.317    13.080    -5.651     4.034     2.625     7.238    15.393    -5.560    -2.789     2.764    -2.823    -5.896     2.370    -4.913     3.455     2.294    26.317    18.664   -12.259     0.285    18.023     6.668     3.382   -11.500    -8.833    20.155    23.521     0.232    -5.517     6.639    -1.643
     1.093    -7.845     2.363    -9.721    -7.875    -9.207   -10.382     0.901     9.958   -20.093     5.539     5.894     9.879     6.425     1.422    -8.611     6.506    11.481     0.357    -3.286     0.930     5.754   -12.306    14.448    -1.299    -2.815   -11.193    -1.130    -1.666     2.475     1.682     9.231     1.320     9.313    -2.401     7.886   -20.192     3.068     2.431     5.560   -15.193    11.267     1.708    -0.964   -12.402    -8.095     1.068     1.093    -1.964    10.177
    13.473     7.171    10.435    -0.505    -5.731     0.275    -7.925     4.690   -20.431     4.693   -12.190     6.128    -2.387    -2.017    -9.919    -1.132   -20.590     4.011   -16.257    31.897   -13.350   -10.265   -11.622   -11.618   -23.020    -1.493    -1.146     8.246    10.466    -8.871    -3.005     5.699    11.040    14.904   -17.892    -5.253    10.955     2.046    -0.031    -9.413     3.700    10.620     1.895     9.201    -2.376    -7.316    -4.671    -5.754    12.903   -10.205
   -21.857     3.082    12.535   -10.171    -2.529    20.587   -19.767    13.935    22.278     6.251   -20.803     6.315     0.005    -8.549    -0.620    21.333   -10.292    -8.224    -2.405   -17.028     9.076   -11.675   -20.680    11.086   -12.609    -5.079     8.246     9.177    -2.246    -1.406    16.177    -5.378   -14.980    18.711    -0.492    23.024    -8.145    -9.777    13.791    -2.900    10.447     8.540     3.035    20.280     1.288    22.518    10.093    16.654    -9.542     6.156
   -12.028    10.485     2.004    -5.106   -10.265    -5.350    -0.585     3.033     0.634   -10.310    -8.870     4.500    -7.400     4.532     4.423     5.975    -0.726   -18.017     6.414   -29.469     9.707     1.597    -2.471    10.317    -9.730   -32.651    -4.343    -4.612   -13.938    -0.545    26.411   -13.382    -4.574    11.491     6.159     6.801    -5.185     4.422     9.486    -4.221     3.372    13.633   -12.287     4.884   -16.863     7.797    13.050    -8.791    -5.921     1.566
     0.203     8.887    -3.988    17.792     3.629    -9.995    12.233    -2.200    -9.374     2.250     5.343    -4.741     2.956   -13.735     9.804    -8.192    -6.064    12.767    11.525     4.173     0.432    -0.476    -7.661     9.454     0.300     1.949   -17.567    11.358    -4.889     7.279   -23.332    -0.629     6.079     0.259    -4.269     5.994    -3.263    18.176    -6.231     4.043    -2.191    -2.182     6.100     9.747    14.259    -8.576     4.417    -8.660    12.225     2.864
   -18.093     8.058   -12.812     2.583    13.857     2.966     5.631     4.270    13.875    -4.433     1.968    -7.341     4.053     0.283     4.861     0.032    -3.337    12.057     8.450    -5.676    -1.920     9.911    -7.151    16.800    19.010    17.963    12.780    -5.887     3.517    12.923   -13.957   -10.818     0.498   -19.445    -5.387     3.329   -16.997    13.608    -1.031    10.075   -20.324    -1.491   -16.055    10.204     1.834   -14.955     5.340    11.616    -6.137     6.861
   -14.854    -0.508     3.514     8.917     2.190   -12.857   -13.899     2.755    -5.315   -11.595   -10.266    -8.133    -2.522     6.413    -4.122     7.078    -9.914   -10.895    -5.894     9.613    10.792   -11.281    11.819   -24.886    -8.967    -2.448    -1.704     1.264    -7.321   -10.088    -6.105    -6.261    -6.257     4.444    15.135    10.724    12.294    -1.185    11.978    -2.532     8.030    -9.257   -11.119     6.880     1.764     5.260    -8.671    -9.234    15.634    -4.861
   -17.039   -14.667    -5.343     2.732     6.194   -10.721    -4.932    -0.917    -2.670    -6.130    -1.750   -12.744    -3.099    -4.806    -1.639   -10.871    -1.492    -3.730    -5.307     8.607     9.742    -5.019     2.815   -12.345    -1.945    -0.198    -0.478     1.496   -10.961     7.819    -3.986    -3.794     6.625    17.283     7.419    -0.401    -2.426     9.655     1.806    -2.693    -2.958   -13.088     7.334    13.115    -0.420     4.781    -6.833     4.891     3.491     0.173
   -15.014     4.187     2.542    -4.518     2.530     1.156    -2.311     6.299     9.084     5.971   -14.792     1.490    -7.852     5.368     6.794    19.223    17.275    -9.325    19.599    -6.739    12.594   -12.541    10.249     7.213     9.397     1.667     8.247    -2.623     7.873    14.275     6.904    -0.867   -13.503     9.170     9.777    15.885    13.841     7.622    16.798    -5.916    -3.659    -3.071    13.627    -0.323     5.671     7.823    -9.857     8.469   -18.586    -3.115
   -21.133     7.750     8.826     8.659    -2.553    -4.912    -7.498    -3.725    -0.571   -19.479    -3.897    -7.614    -8.320     8.679     5.114    13.093   -11.718    -2.575     1.967    -0.523    10.047    -5.444    -3.067    -6.086    -4.270   -14.807     1.520    -1.118    -9.725     1.474     1.184   -23.006    -4.438    12.920    17.950    10.791     0.238     1.738    10.613    -5.755     6.779     1.909    -8.387     5.643    -2.534     2.352     2.604   -16.139    15.294     9.363
     2.721     1.577    -2.301     9.016     0.357    14.038     9.333     6.382   -10.512     7.326    -4.315    -8.715   -16.569    -6.215   -20.772   -15.484   -15.687    11.928   -14.254     9.177   -20.079     1.899    -5.540   -14.222    -8.010    -4.528    -4.447     3.644    13.723     0.839     3.479     8.035     7.553    -4.316    -3.895    -5.858    -1.292   -11.797   -17.318   -24.080    13.666    19.358     9.029    -3.294    -6.975     1.827    -4.854    -0.259    -9.116    17.412
    -8.914    -9.135    -6.785     2.955     2.025     4.315     6.449     0.745     4.249   -10.967    -9.588    17.392   -18.809    -0.646     2.334   -10.286   -20.311    -0.418    -9.529     3.084    -2.661    -8.339    -0.755     0.839     0.418     1.655     8.329    10.783    -0.776    -1.124    -2.549     4.682    15.236    21.008    -2.538   -10.744     1.353     3.088    14.063   -11.675     7.480    12.030     6.818     7.331     3.574     4.911    -8.790    -2.120     7.060     2.625
    -5.367    -7.636    14.701    -3.321     3.852    -9.820    -7.321    16.519    -3.832     6.633     3.072    -5.754     2.894   -12.381    11.050     9.812    -9.952   -17.891    10.066    -3.905     3.000    -3.295     0.645    -4.429     7.727    -3.439   -12.310     5.564     5.075   -10.684    -5.370     0.447    -8.138    -1.022     9.639    -6.821    -4.379    -2.569    -0.289    -7.433   -11.508    -6.940   -11.322     7.924     5.447     3.834     2.912    -3.978     1.233    -8.442
     2.454     5.791    -5.711    -7.306    -2.534     5.463   -10.338    -1.353   -12.362     8.686    -2.870     3.233    -4.743    -6.277     0.343     8.779     6.323    -0.201    -7.682    16.798    18.701     0.992    13.990     3.715    -4.297     2.726    -0.916     2.002    -1.251     6.845   -14.582    15.624    -0.982    -2.944     7.494    -3.267    12.341    -4.257    -3.171     1.872   -13.412     5.514     9.252     9.302    22.139     1.747     0.585     2.034   -10.701    -1.132
     3.353   -12.159     0.343     6.136   -12.608     5.709    -4.845   -10.911    -4.682    -2.270     6.826    10.942     1.497     5.748    -2.005    -1.196   -15.650    16.062    -8.808    -6.986   -16.573    14.035   -12.066    -0.696    -3.803     0.955     1.982    -5.861    -7.680   -10.968    -1.449    -2.006     3.488     3.130    -1.355    -8.876   -22.458    -8.120    10.220    15.394     2.418     2.574   -13.418    13.271    -4.053    -0.873     9.524    16.686     4.139    -2.000
    -6.487     7.733     9.899    14.070    -2.876     0.831   -14.179    -0.575     0.555     0.980    -5.620    -2.288    -5.240    -2.418   -11.015    20.241     3.132    -6.338    -4.084   -15.555    10.069    -2.666     8.546     3.946    -9.042   -10.005    -7.086     7.080    -3.028   -10.049   -13.705     6.840     3.372    -4.343     8.251    -2.594     5.911   -11.598     8.303     9.343   -10.809     6.042   -19.955    16.886     7.007    15.115     5.015     7.235     5.824    -6.298
     2.456    -9.791   -13.246    -1.834    -7.238    -3.297    13.268    -2.572     5.755     6.904    -3.920     0.956    -7.086    10.022   -14.560   -14.955   -17.813    -7.010   -17.308    -5.456   -15.938    -4.794   -15.845    -7.882     6.730     1.735     4.760    -6.611     5.305   -20.075    -0.025   -14.022    -0.360     2.021   -14.437    -3.133   -14.469    -6.430     3.526    -2.858     4.835    -8.324    -3.362   -13.925    -5.715    -6.248    -0.323   -11.772     7.306     6.774
     3.080    -1.084    -7.533    -9.994    12.396    -2.408    -3.020    -2.974    13.259     1.658    -6.482   -11.528    -1.031     1.837    -1.475    -7.806     7.695     4.647     1.992    -5.826    13.225     0.149    -4.073    21.690     3.875    -5.676    -0.661    -3.298     0.175     6.021     5.843    17.719     2.325    11.917    -6.542    -5.820    -3.599    28.208     4.573   -14.432   -14.543     6.639     4.626     1.200     4.392    -0.358   -10.435   -20.027    -3.315     0.053
    -4.952     3.411    -9.612    -8.652    -3.910    12.294    -9.192     6.026    -4.810    -1.597   -13.772    -7.582    -2.778     9.595    11.888    -9.435    14.994   -10.653    -5.558    -3.612     6.234   -14.590     6.461    13.749    -2.531    18.146     9.894    -3.884    -0.575     1.689    -7.719    10.999    -5.355    -1.812     2.410    14.618    -4.600     5.466     5.822    -0.537     8.692    23.440    15.832     5.032     9.362     9.658   -10.730     6.166    -6.587     1.830
     2.547    -5.940    -5.042    -1.610     6.887     2.463   -11.965     5.248     6.101    10.305    15.626    11.971    13.827   -10.628     3.970    -1.855    -8.603    11.158   -14.540    -6.506    -5.677    -2.400    -3.249   -12.981     2.878     4.745    11.809     1.135    -4.428    -4.466    -8.027   -10.846    -3.830   -22.177     1.548   -10.157    -0.378     1.774    -1.635     0.095    -0.966   -12.992   -10.387    -2.329    -8.215   -12.002     3.298     2.135    16.781   -12.336
    12.834   -15.807    10.462     3.214   -10.845    -0.927   -12.478   -11.211    -5.493    12.654    -5.860    -6.438    -8.813   -16.005     4.515    10.742     3.200    18.175    -3.616    17.123     0.052     3.525     2.361     9.587    -6.618    22.842   -17.474    -1.756     2.128    -9.841   -15.497    14.433     7.232    10.078    -1.048     1.083   -11.375   -22.196    -7.633     9.104    -1.740    -4.118    -9.946    -0.414     7.529     0.051     4.721    11.786    -3.067     1.572
    10.160    -2.286     8.262     1.249     4.819     4.789    12.453   -17.159     0.701    19.882    -3.444    -0.840   -10.664     7.283    -5.982    -0.016    -9.749    -3.911     1.154    -3.160   -22.858   -10.287     1.445    12.392     4.950    -7.387     7.226    12.692   -13.859    -0.798     1.175    -1.032    -1.535    13.416    -4.258    -0.542     6.158   -11.644    -5.051     1.965     5.295    -5.986     4.932     0.804     9.815     8.596     1.707     8.686    -9.751    -2.936
     6.545     8.206    -7.868     2.998     3.973    -5.334    -3.966    -7.818     7.994     8.449   -11.820   -26.398   -11.262     9.636   -30.161    12.120     4.065    -0.939     9.213    -6.054     6.407   -15.760     5.609     2.747   -11.740   -17.029     2.200    -3.385    20.054    12.108    18.946    18.917    -0.371    -1.116     0.457    -1.862     1.112    12.859     0.218   -14.857    -7.199     5.650    -3.521    -3.067   -14.800    11.506    -2.894    -6.793   -11.896    11.582
     0.487     4.548     5.610    -3.404    -1.916     3.889    -8.680     2.852    14.300    -4.144    11.049    12.959     1.091    -7.571    -4.104    -5.099    -2.113    12.752   -11.147    -4.285    -1.046    15.285   -10.399    -7.734    -5.011    -0.436     1.523    18.419   -11.128    -1.970     5.780    -5.756     9.531   -10.434   -12.048   -11.003    -4.092   -17.463   -14.141     3.033   -15.915     5.741    -9.162   -15.205     1.890   -17.824     8.454    10.324    14.764     4.959

